GEO,2023,2024,2025
AT,463887.0,461833.0,467726.0
AT1,149867.0,148942.0,149727.0
AT11,27089.0,27694.0,27684.0
AT111,4213.0,4446.0,4498.0
AT112,14131.0,14595.0,14562.0
AT113,8745.0,8653.0,8624.0
AT12,121892.0,120343.0,121138.0
AT121,27257.0,26973.0,27058.0
AT122,15721.0,15247.0,15249.0
AT123,11737.0,11629.0,11636.0
AT124,19980.0,19261.0,19556.0
AT125,12338.0,12113.0,12154.0
AT126,22406.0,22661.0,22677.0
AT127,12453.0,12459.0,12808.0
AT13,886.0,905.0,905.0
AT130,886.0,905.0,905.0
AT2,117744.0,115990.0,118878.0
AT21,39139.0,37504.0,38494.0
AT211,15509.0,14966.0,15200.0
AT212,10840.0,10348.0,11079.0
AT213,12790.0,12190.0,12215.0
AT22,78605.0,78486.0,80384.0
AT221,11163.0,11364.0,11985.0
AT222,8776.0,8407.0,8968.0
AT223,7613.0,7154.0,7072.0
AT224,27649.0,27872.0,28225.0
AT225,17490.0,17543.0,17654.0
AT226,5914.0,6146.0,6480.0
AT3,196276.0,196901.0,199121.0
AT31,108354.0,108623.0,110985.0
AT311,30468.0,31352.0,32252.0
AT312,22152.0,22199.0,22762.0
AT313,25150.0,24228.0,24254.0
AT314,11766.0,11795.0,12438.0
AT315,18818.0,19049.0,19279.0
AT32,35454.0,35798.0,35722.0
AT321,2408.0,2628.0,2631.0
AT322,18357.0,18150.0,18147.0
AT323,14689.0,15020.0,14944.0
AT33,40424.0,40436.0,40337.0
AT331,2469.0,2466.0,2418.0
AT332,6541.0,6386.0,6678.0
AT333,3201.0,3325.0,3040.0
AT334,10770.0,10892.0,10819.0
AT335,17443.0,17367.0,17382.0
AT34,12044.0,12044.0,12077.0
AT341,7375.0,7375.0,7344.0
AT342,4669.0,4669.0,4733.0
BA,5.0,16.0,16.0
BA0,5.0,16.0,16.0
BA01,5.0,5.0,5.0
BA02,,11.0,11.0
BE,332347.0,348074.0,355788.0
BE1,218.0,218.0,218.0
BE10,218.0,218.0,218.0
BE100,218.0,218.0,218.0
BE2,174845.0,174939.0,174979.0
BE21,28033.0,28063.0,28069.0
BE211,7018.0,7018.0,7024.0
BE212,4819.0,4819.0,4819.0
BE213,16196.0,16226.0,16226.0
BE22,27055.0,27111.0,27111.0
BE223,7562.0,7562.0,7562.0
BE224,8838.0,8864.0,8864.0
BE225,10655.0,10685.0,10685.0
BE23,42332.0,42332.0,42343.0
BE231,4996.0,4996.0,4996.0
BE232,3228.0,3228.0,3228.0
BE233,5761.0,5761.0,5761.0
BE234,13973.0,13973.0,13973.0
BE235,7794.0,7794.0,7794.0
BE236,6580.0,6580.0,6591.0
BE24,28188.0,28188.0,28188.0
BE241,9948.0,9948.0,9948.0
BE242,18240.0,18240.0,18240.0
BE25,49237.0,49245.0,49268.0
BE251,9473.0,9463.0,9480.0
BE252,5641.0,5652.0,5652.0
BE253,9654.0,9654.0,9654.0
BE254,5523.0,5523.0,5523.0
BE255,2839.0,2845.0,2845.0
BE256,5936.0,5936.0,5936.0
BE257,7721.0,7721.0,7721.0
BE258,2450.0,2451.0,2457.0
BE3,157284.0,172917.0,180591.0
BE31,15494.0,15750.0,15851.0
BE310,15494.0,15750.0,15851.0
BE32,42111.0,46543.0,46930.0
BE323,6355.0,7403.0,7669.0
BE328,9483.0,11068.0,10442.0
BE329,1192.0,1192.0,1312.0
BE32A,9622.0,10719.0,10470.0
BE32B,4149.0,4313.0,4331.0
BE32C,4969.0,5249.0,5292.0
BE32D,6341.0,6599.0,7414.0
BE33,40495.0,44304.0,46123.0
BE331,7567.0,8693.0,8769.0
BE332,6703.0,7325.0,8385.0
BE334,8261.0,9125.0,9218.0
BE335,11670.0,12479.0,12952.0
BE336,6294.0,6682.0,6799.0
BE34,25799.0,27524.0,30484.0
BE341,3039.0,3107.0,2773.0
BE342,6153.0,6284.0,7272.0
BE343,6075.0,6723.0,7479.0
BE344,7114.0,7339.0,7930.0
BE345,3418.0,4071.0,5030.0
BE35,33385.0,38796.0,41203.0
BE351,9542.0,11282.0,12963.0
BE352,18049.0,20829.0,21332.0
BE353,5794.0,6685.0,6908.0
BG,57540.0,73782.0,84913.0
BG3,27224.0,38058.0,43625.0
BG31,6178.0,9528.0,10086.0
BG311,943.0,1029.0,1040.0
BG312,1237.0,1395.0,1446.0
BG313,858.0,1665.0,1742.0
BG314,1560.0,2645.0,3053.0
BG315,1580.0,2794.0,2805.0
BG32,5818.0,8202.0,10442.0
BG321,1651.0,2001.0,2205.0
BG322,634.0,851.0,1038.0
BG323,1160.0,1768.0,3390.0
BG324,741.0,1380.0,1607.0
BG325,1632.0,2202.0,2202.0
BG33,4442.0,7634.0,8807.0
BG331,2189.0,4753.0,4855.0
BG332,1102.0,1638.0,2423.0
BG333,812.0,881.0,1167.0
BG334,339.0,362.0,362.0
BG34,10786.0,12694.0,14290.0
BG341,5076.0,5987.0,6393.0
BG342,890.0,1276.0,1991.0
BG343,531.0,539.0,767.0
BG344,4289.0,4892.0,5139.0
BG4,30316.0,35724.0,41288.0
BG41,15866.0,18271.0,20039.0
BG411,2720.0,3533.0,4185.0
BG412,6704.0,6967.0,7939.0
BG413,3353.0,4135.0,4283.0
BG414,1261.0,1673.0,1679.0
BG415,1828.0,1963.0,1953.0
BG42,14450.0,17453.0,21249.0
BG421,6543.0,9172.0,10552.0
BG422,1595.0,1714.0,1911.0
BG423,2584.0,2423.0,3373.0
BG424,2571.0,2990.0,3310.0
BG425,1157.0,1154.0,2103.0
CH,236760.0,240629.0,247499.0
CH0,236760.0,240629.0,247499.0
CH01,44531.0,44934.0,45703.0
CH011,28492.0,28838.0,29427.0
CH012,13284.0,13341.0,13521.0
CH013,2755.0,2755.0,2755.0
CH02,70791.0,73270.0,77222.0
CH021,34935.0,36393.0,38471.0
CH022,20644.0,21393.0,22461.0
CH023,5612.0,6036.0,6032.0
CH024,4631.0,4664.0,4690.0
CH025,4969.0,4784.0,5568.0
CH03,17718.0,17819.0,18221.0
CH031,38.0,38.0,38.0
CH032,4340.0,4359.0,4455.0
CH033,13340.0,13422.0,13728.0
CH04,18891.0,18894.0,18954.0
CH040,18891.0,18894.0,18954.0
CH05,47484.0,48182.0,49298.0
CH051,1987.0,1994.0,1994.0
CH052,3021.0,2945.0,3186.0
CH053,3434.0,3449.0,3543.0
CH054,1105.0,1105.0,1099.0
CH055,14284.0,14318.0,14391.0
CH056,11212.0,11550.0,11989.0
CH057,12441.0,12821.0,13096.0
CH06,31171.0,31170.0,31629.0
CH061,18356.0,18405.0,18573.0
CH062,1535.0,1538.0,1734.0
CH063,5812.0,5752.0,5754.0
CH064,1598.0,1605.0,1689.0
CH065,1225.0,1225.0,1234.0
CH066,2645.0,2645.0,2645.0
CH07,6174.0,6360.0,6472.0
CH070,6174.0,6360.0,6472.0
CY,6986.0,11047.0,13445.0
CY0,6986.0,11047.0,13445.0
CY00,6986.0,11047.0,13445.0
CY000,6986.0,11047.0,13445.0
CZ,242720.0,273812.0,298900.0
CZ0,242720.0,273812.0,298900.0
CZ01,2546.0,2546.0,2546.0
CZ010,2546.0,2546.0,2546.0
CZ02,40419.0,46396.0,54142.0
CZ020,40419.0,46396.0,54142.0
CZ03,30704.0,37208.0,39151.0
CZ031,17190.0,18166.0,19501.0
CZ032,13514.0,19042.0,19650.0
CZ04,22720.0,25876.0,27307.0
CZ041,6941.0,8034.0,8153.0
CZ042,15779.0,17842.0,19154.0
CZ05,49514.0,54695.0,60479.0
CZ051,13817.0,15863.0,18569.0
CZ052,21359.0,23236.0,24779.0
CZ053,14338.0,15596.0,17131.0
CZ06,43320.0,50879.0,54994.0
CZ063,15032.0,16578.0,17943.0
CZ064,28288.0,34301.0,37051.0
CZ07,30050.0,31338.0,33911.0
CZ071,15811.0,15672.0,16798.0
CZ072,14239.0,15666.0,17113.0
CZ08,23447.0,24874.0,26370.0
CZ080,23447.0,24874.0,26370.0
DE,2216667.0,2330619.0,2418336.0
DE1,324959.0,346389.0,351251.0
DE11,83757.0,93871.0,96352.0
DE111,349.0,349.0,349.0
DE112,3587.0,3628.0,3628.0
DE113,3914.0,3931.0,4037.0
DE114,5245.0,5300.0,5365.0
DE115,5508.0,5687.0,5819.0
DE116,6908.0,7030.0,7031.0
DE117,1730.0,1730.0,1730.0
DE118,12233.0,13615.0,14452.0
DE119,6975.0,7519.0,7992.0
DE11A,13020.0,16347.0,16366.0
DE11B,7010.0,7425.0,8449.0
DE11C,4632.0,5840.0,5854.0
DE11D,12646.0,15470.0,15280.0
DE12,55794.0,63508.0,64899.0
DE121,414.0,414.0,414.0
DE122,273.0,273.0,273.0
DE123,8000.0,10485.0,10915.0
DE124,6492.0,6591.0,6636.0
DE125,193.0,202.0,205.0
DE126,392.0,392.0,392.0
DE127,9005.0,9559.0,9832.0
DE128,8818.0,9380.0,9759.0
DE129,736.0,736.0,736.0
DE12A,7366.0,10091.0,10256.0
DE12B,5937.0,6246.0,6246.0
DE12C,8168.0,9139.0,9235.0
DE13,93100.0,94467.0,95092.0
DE131,413.0,413.0,413.0
DE132,13370.0,13412.0,13444.0
DE133,7148.0,7173.0,7190.0
DE134,18755.0,19023.0,19129.0
DE135,7111.0,7891.0,8036.0
DE136,9678.0,9704.0,9977.0
DE137,9118.0,9098.0,9178.0
DE138,10614.0,10711.0,10668.0
DE139,7209.0,7192.0,7192.0
DE13A,9684.0,9850.0,9865.0
DE14,92308.0,94543.0,94908.0
DE141,7400.0,7638.0,8001.0
DE142,6688.0,6708.0,6708.0
DE143,10280.0,10328.0,9757.0
DE144,1721.0,1721.0,1721.0
DE145,16360.0,16391.0,16499.0
DE146,14844.0,15509.0,16031.0
DE147,7837.0,7871.0,8114.0
DE148,18300.0,19135.0,19300.0
DE149,8878.0,9242.0,8777.0
DE2,550831.0,561469.0,590135.0
DE21,147553.0,150604.0,161531.0
DE211,1069.0,1421.0,1421.0
DE212,221.0,221.0,221.0
DE213,118.0,118.0,118.0
DE214,4724.0,4848.0,5226.0
DE215,4400.0,4479.0,4866.0
DE216,5346.0,5346.0,5633.0
DE217,9456.0,9529.0,10317.0
DE218,7236.0,7236.0,7299.0
DE219,9960.0,10279.0,10567.0
DE21A,10640.0,10936.0,12193.0
DE21B,7746.0,8759.0,11423.0
DE21C,5700.0,5729.0,6671.0
DE21D,4186.0,4198.0,4201.0
DE21E,9968.0,10010.0,10938.0
DE21F,5610.0,5636.0,5643.0
DE21G,5820.0,5333.0,6738.0
DE21H,4890.0,4890.0,4894.0
DE21I,5689.0,5540.0,5849.0
DE21J,6106.0,6935.0,6985.0
DE21K,16059.0,16720.0,17250.0
DE21L,2722.0,2725.0,2725.0
DE21M,12081.0,11911.0,12185.0
DE21N,7806.0,7805.0,8168.0
DE22,88797.0,90380.0,93068.0
DE221,241.0,241.0,241.0
DE222,421.0,421.0,421.0
DE223,142.0,142.0,142.0
DE224,6873.0,6773.0,7203.0
DE225,8415.0,8568.0,8608.0
DE226,8719.0,9114.0,9039.0
DE227,13578.0,12789.0,13703.0
DE228,17784.0,18321.0,18534.0
DE229,6068.0,6851.0,6851.0
DE22A,7926.0,7856.0,8515.0
DE22B,11937.0,12239.0,12479.0
DE22C,6693.0,7065.0,7332.0
DE23,61208.0,63663.0,65885.0
DE231,280.0,280.0,280.0
DE232,337.0,337.0,337.0
DE233,171.0,171.0,179.0
DE234,8346.0,8485.0,8574.0
DE235,9000.0,8927.0,9367.0
DE236,11460.0,10433.0,11671.0
DE237,7339.0,9662.0,9732.0
DE238,11818.0,12273.0,12339.0
DE239,7497.0,7465.0,7856.0
DE23A,4960.0,5630.0,5550.0
DE24,48337.0,48017.0,51783.0
DE241,111.0,107.0,111.0
DE242,247.0,247.0,247.0
DE243,205.0,205.0,205.0
DE244,223.0,223.0,226.0
DE245,8655.0,9193.0,9475.0
DE246,7871.0,8041.0,8530.0
DE247,3832.0,3914.0,3976.0
DE248,6940.0,5777.0,6978.0
DE249,5738.0,5709.0,6354.0
DE24A,3866.0,4249.0,4331.0
DE24B,4001.0,4267.0,4476.0
DE24C,2126.0,2146.0,2352.0
DE24D,4522.0,3939.0,4522.0
DE25,58809.0,59658.0,61429.0
DE251,897.0,897.0,897.0
DE252,352.0,352.0,352.0
DE253,164.0,164.0,164.0
DE254,476.0,476.0,476.0
DE255,224.0,224.0,224.0
DE256,18770.0,19868.0,19978.0
DE257,4216.0,4182.0,4198.0
DE258,4245.0,4248.0,4248.0
DE259,7584.0,7384.0,7777.0
DE25A,9570.0,9632.0,9727.0
DE25B,7238.0,7153.0,7762.0
DE25C,5073.0,5078.0,5626.0
DE26,64166.0,65943.0,69613.0
DE261,858.0,858.0,858.0
DE262,162.0,162.0,162.0
DE263,248.0,248.0,248.0
DE264,5923.0,5926.0,6073.0
DE265,8455.0,8808.0,9084.0
DE266,6057.0,6194.0,6364.0
DE267,6772.0,6894.0,7332.0
DE268,7960.0,7997.0,8014.0
DE269,3626.0,4655.0,5382.0
DE26A,5820.0,5490.0,6903.0
DE26B,8900.0,8965.0,9031.0
DE26C,9385.0,9746.0,10162.0
DE27,81961.0,83204.0,86826.0
DE271,294.0,294.0,302.0
DE272,131.0,131.0,131.0
DE273,426.0,426.0,426.0
DE274,500.0,500.0,500.0
DE275,6729.0,7323.0,8642.0
DE276,9694.0,8490.0,9119.0
DE277,4455.0,5993.0,6055.0
DE278,5885.0,5789.0,6380.0
DE279,6114.0,5683.0,5775.0
DE27A,5000.0,4991.0,5000.0
DE27B,10176.0,10827.0,11109.0
DE27C,10584.0,10484.0,11175.0
DE27D,9377.0,9500.0,9467.0
DE27E,12596.0,12773.0,12745.0
DE3,782.0,782.0,786.0
DE30,782.0,782.0,786.0
DE300,782.0,782.0,786.0
DE4,68935.0,75361.0,77840.0
DE40,68935.0,75361.0,77840.0
DE401,965.0,992.0,1045.0
DE402,659.0,670.0,749.0
DE403,701.0,701.0,681.0
DE404,1637.0,1637.0,1637.0
DE405,7383.0,7877.0,7995.0
DE406,3890.0,5151.0,5028.0
DE407,3882.0,3903.0,4129.0
DE408,3108.0,3225.0,3318.0
DE409,4490.0,6548.0,6564.0
DE40A,6121.0,6044.0,6033.0
DE40B,4793.0,4875.0,4871.0
DE40C,4602.0,4777.0,4802.0
DE40D,3540.0,3574.0,3654.0
DE40E,8267.0,9011.0,10128.0
DE40F,1709.0,1782.0,1777.0
DE40G,4586.0,4709.0,5062.0
DE40H,7002.0,7608.0,7580.0
DE40I,1600.0,2277.0,2787.0
DE5,911.0,927.0,805.0
DE50,911.0,927.0,805.0
DE501,743.0,759.0,637.0
DE502,168.0,168.0,168.0
DE6,2597.0,2597.0,2597.0
DE60,2597.0,2597.0,2597.0
DE600,2597.0,2597.0,2597.0
DE7,154832.0,160900.0,165096.0
DE71,57716.0,58050.0,59624.0
DE711,253.0,253.0,253.0
DE712,223.0,223.0,223.0
DE713,84.0,84.0,84.0
DE714,1211.0,1247.0,1247.0
DE715,6035.0,6043.0,6043.0
DE716,7137.0,7137.0,7137.0
DE717,3047.0,3047.0,3434.0
DE718,4681.0,4699.0,4854.0
DE719,7629.0,7732.0,8310.0
DE71A,1542.0,1546.0,1944.0
DE71B,5698.0,5698.0,5698.0
DE71C,1107.0,1107.0,1107.0
DE71D,7712.0,7733.0,7733.0
DE71E,11357.0,11501.0,11557.0
DE72,43864.0,46565.0,48115.0
DE721,7471.0,7992.0,9111.0
DE722,7337.0,8326.0,8508.0
DE723,9597.0,9597.0,9686.0
DE724,11986.0,12852.0,13013.0
DE725,7473.0,7798.0,7797.0
DE73,53252.0,56285.0,57357.0
DE731,275.0,275.0,275.0
DE732,11543.0,12785.0,13131.0
DE733,5357.0,6050.0,6702.0
DE734,10343.0,10498.0,9779.0
DE735,13494.0,13674.0,13945.0
DE736,8296.0,9173.0,8812.0
DE737,3944.0,3830.0,4713.0
DE8,47811.0,52021.0,59148.0
DE80,47811.0,52021.0,59148.0
DE803,389.0,470.0,470.0
DE804,638.0,638.0,638.0
DE80J,6962.0,7100.0,8714.0
DE80K,10263.0,11379.0,12285.0
DE80L,6615.0,7556.0,8371.0
DE80M,8992.0,9210.0,9095.0
DE80N,4892.0,5523.0,8601.0
DE80O,9060.0,10145.0,10974.0
DE9,281885.0,307877.0,321700.0
DE91,51251.0,58084.0,62185.0
DE911,737.0,746.0,746.0
DE912,2386.0,2485.0,2485.0
DE913,1364.0,1622.0,1622.0
DE914,9913.0,12449.0,13161.0
DE916,4369.0,4582.0,4685.0
DE917,4254.0,4393.0,4340.0
DE918,7587.0,7957.0,8220.0
DE91A,4268.0,5919.0,6796.0
DE91B,6501.0,7126.0,7634.0
DE91C,9872.0,10805.0,12496.0
DE92,59440.0,64599.0,65932.0
DE922,9748.0,10507.0,10804.0
DE923,6335.0,6435.0,6424.0
DE925,9508.0,10424.0,9657.0
DE926,4299.0,4652.0,4686.0
DE927,7252.0,8225.0,9241.0
DE928,7261.0,7297.0,7297.0
DE929,15037.0,17059.0,17823.0
DE93,71942.0,77868.0,80240.0
DE931,3955.0,5282.0,5157.0
DE932,9884.0,9824.0,10241.0
DE933,10383.0,10571.0,10553.0
DE934,2856.0,2856.0,2916.0
DE935,6975.0,8475.0,8588.0
DE936,4359.0,4436.0,4569.0
DE937,10852.0,10680.0,10879.0
DE938,6021.0,6303.0,6638.0
DE939,10095.0,10830.0,11073.0
DE93A,2485.0,3626.0,4075.0
DE93B,4077.0,4985.0,5551.0
DE94,99252.0,107326.0,113343.0
DE941,171.0,229.0,218.0
DE942,410.0,424.0,414.0
DE943,343.0,343.0,343.0
DE944,544.0,544.0,544.0
DE945,621.0,621.0,621.0
DE946,5688.0,6029.0,6023.0
DE947,6977.0,8954.0,9562.0
DE948,9805.0,10169.0,10560.0
DE949,18953.0,20997.0,22281.0
DE94A,3991.0,4120.0,4135.0
DE94B,4690.0,5635.0,5767.0
DE94C,7776.0,7786.0,8431.0
DE94D,4243.0,5425.0,5554.0
DE94E,21232.0,21949.0,22783.0
DE94F,7033.0,7157.0,8214.0
DE94G,3599.0,3674.0,3856.0
DE94H,3176.0,3270.0,4037.0
DEA,264029.0,270109.0,276096.0
DEA1,36727.0,37338.0,38006.0
DEA11,619.0,619.0,619.0
DEA12,388.0,400.0,400.0
DEA13,632.0,632.0,632.0
DEA14,508.0,508.0,531.0
DEA15,767.0,767.0,767.0
DEA16,295.0,295.0,295.0
DEA17,3.0,3.0,3.0
DEA18,303.0,303.0,303.0
DEA19,194.0,234.0,234.0
DEA1A,685.0,685.0,685.0
DEA1B,12765.0,12968.0,13134.0
DEA1C,2196.0,2196.0,2196.0
DEA1D,3282.0,3282.0,3346.0
DEA1E,4912.0,4912.0,4912.0
DEA1F,9178.0,9534.0,9949.0
DEA2,60925.0,62371.0,63227.0
DEA22,122.0,122.0,122.0
DEA23,615.0,615.0,615.0
DEA24,126.0,126.0,126.0
DEA26,9667.0,9591.0,9623.0
DEA27,3530.0,3530.0,3530.0
DEA28,10019.0,10090.0,10490.0
DEA29,7669.0,7669.0,7792.0
DEA2A,11587.0,12358.0,12503.0
DEA2B,3409.0,3468.0,3501.0
DEA2C,8293.0,8818.0,8941.0
DEA2D,5888.0,5984.0,5984.0
DEA3,59105.0,60238.0,61749.0
DEA31,367.0,367.0,367.0
DEA32,33.0,33.0,33.0
DEA33,2146.0,2291.0,2317.0
DEA34,15757.0,16012.0,16028.0
DEA35,11844.0,11880.0,11888.0
DEA36,3820.0,3820.0,3865.0
DEA37,14964.0,15341.0,15444.0
DEA38,10174.0,10494.0,11807.0
DEA4,58756.0,59524.0,61536.0
DEA41,1382.0,1382.0,1382.0
DEA42,9817.0,10007.0,10778.0
DEA43,3645.0,3693.0,3693.0
DEA44,6973.0,7298.0,7346.0
DEA45,12258.0,12478.0,12505.0
DEA46,12113.0,12107.0,12883.0
DEA47,12568.0,12559.0,12949.0
DEA5,48516.0,50638.0,51578.0
DEA51,5.0,5.0,5.0
DEA52,694.0,694.0,694.0
DEA53,913.0,913.0,913.0
DEA54,1101.0,1116.0,1116.0
DEA55,43.0,43.0,43.0
DEA56,3026.0,3047.0,3050.0
DEA57,10777.0,11320.0,11652.0
DEA58,5784.0,5966.0,6014.0
DEA59,5908.0,5997.0,6064.0
DEA5A,5613.0,6607.0,6482.0
DEA5B,11524.0,11802.0,12417.0
DEA5C,3128.0,3128.0,3128.0
DEB,155448.0,162083.0,163712.0
DEB1,69897.0,74137.0,74562.0
DEB11,164.0,175.0,175.0
DEB12,4917.0,5537.0,5623.0
DEB13,7302.0,7527.0,7540.0
DEB14,7974.0,8368.0,8412.0
DEB15,4645.0,4965.0,4939.0
DEB17,5921.0,6185.0,6413.0
DEB18,7225.0,8016.0,7997.0
DEB1A,5317.0,5397.0,5645.0
DEB1B,12000.0,13230.0,12930.0
DEB1C,6066.0,6227.0,6312.0
DEB1D,8366.0,8510.0,8576.0
DEB2,32616.0,34757.0,35218.0
DEB21,333.0,333.0,333.0
DEB22,8095.0,8883.0,8764.0
DEB23,8147.0,8381.0,8691.0
DEB24,5065.0,5425.0,5377.0
DEB25,10976.0,11735.0,12053.0
DEB3,52935.0,53189.0,53932.0
DEB31,109.0,109.0,109.0
DEB32,944.0,944.0,944.0
DEB33,391.0,391.0,391.0
DEB34,114.0,114.0,114.0
DEB35,127.0,127.0,127.0
DEB36,1180.0,1180.0,1180.0
DEB37,757.0,757.0,757.0
DEB38,52.0,52.0,52.0
DEB39,633.0,633.0,633.0
DEB3A,409.0,409.0,409.0
DEB3B,7384.0,7487.0,7382.0
DEB3C,2502.0,2502.0,2863.0
DEB3D,5114.0,5290.0,5384.0
DEB3E,4218.0,3911.0,3911.0
DEB3F,5661.0,5748.0,5744.0
DEB3G,4413.0,4608.0,4985.0
DEB3H,5720.0,5720.0,5753.0
DEB3I,1869.0,1869.0,1869.0
DEB3J,5659.0,5659.0,5639.0
DEB3K,5679.0,5679.0,5686.0
DEC,19665.0,20287.0,21476.0
DEC0,19665.0,20287.0,21476.0
DEC01,1954.0,1954.0,1949.0
DEC02,4829.0,4964.0,4964.0
DEC03,1042.0,1078.0,1206.0
DEC04,1936.0,2362.0,2362.0
DEC05,4054.0,4075.0,4972.0
DEC06,5850.0,5854.0,6023.0
DED,105732.0,112739.0,115169.0
DED2,44938.0,47872.0,47456.0
DED21,1101.0,1101.0,1101.0
DED2C,14093.0,15058.0,15247.0
DED2D,8411.0,9992.0,9544.0
DED2E,9131.0,9133.0,8968.0
DED2F,12202.0,12588.0,12596.0
DED4,44205.0,47705.0,48523.0
DED41,961.0,1122.0,1130.0
DED42,13608.0,15466.0,15865.0
DED43,14445.0,15342.0,15986.0
DED44,8584.0,8902.0,8984.0
DED45,6607.0,6873.0,6558.0
DED5,16589.0,17162.0,19190.0
DED51,766.0,834.0,834.0
DED52,11024.0,11539.0,12585.0
DED53,4799.0,4789.0,5771.0
DEE,51111.0,57893.0,66476.0
DEE0,51111.0,57893.0,66476.0
DEE01,1019.0,1026.0,1026.0
DEE02,408.0,411.0,411.0
DEE03,421.0,425.0,421.0
DEE04,1716.0,1825.0,2535.0
DEE05,3359.0,4652.0,4990.0
DEE06,2402.0,2708.0,2829.0
DEE07,7728.0,8501.0,10988.0
DEE08,5829.0,5877.0,6553.0
DEE09,3686.0,6189.0,6660.0
DEE0A,4245.0,4125.0,5046.0
DEE0B,8825.0,10271.0,11655.0
DEE0C,4632.0,3966.0,4613.0
DEE0D,3704.0,3805.0,4474.0
DEE0E,3137.0,4112.0,4275.0
DEF,98062.0,103113.0,106298.0
DEF0,98062.0,103113.0,106298.0
DEF01,215.0,215.0,215.0
DEF02,360.0,360.0,360.0
DEF03,844.0,875.0,872.0
DEF04,213.0,213.0,213.0
DEF05,9006.0,9226.0,9341.0
DEF06,7412.0,7276.0,8024.0
DEF07,12521.0,12628.0,12639.0
DEF08,7493.0,7487.0,7862.0
DEF09,5399.0,5450.0,5628.0
DEF0A,4382.0,4971.0,5660.0
DEF0B,11992.0,13580.0,14447.0
DEF0C,15775.0,16972.0,16369.0
DEF0D,9467.0,9893.0,10228.0
DEF0E,5956.0,6130.0,6815.0
DEF0F,7027.0,7837.0,7625.0
DEG,89077.0,96072.0,99751.0
DEG0,89077.0,96072.0,99751.0
DEG01,3079.0,3399.0,3399.0
DEG02,1700.0,1700.0,1703.0
DEG03,991.0,991.0,1058.0
DEG05,772.0,772.0,772.0
DEG06,6020.0,7873.0,7955.0
DEG07,3585.0,4333.0,4719.0
DEG09,5224.0,5576.0,5491.0
DEG0A,3015.0,3356.0,3363.0
DEG0C,8527.0,8986.0,9139.0
DEG0D,4416.0,4774.0,4796.0
DEG0E,4486.0,4493.0,4939.0
DEG0G,5909.0,6705.0,6734.0
DEG0J,5267.0,5003.0,5651.0
DEG0K,4596.0,4608.0,4709.0
DEG0L,5060.0,5337.0,5596.0
DEG0M,2949.0,3175.0,3344.0
DEG0Q,4336.0,5269.0,5191.0
DEG0R,6541.0,6884.0,8170.0
DEG0S,779.0,779.0,779.0
DEG0T,6111.0,6136.0,6136.0
DEG0U,2750.0,2861.0,3049.0
DEG0V,2964.0,3062.0,3058.0
DK,245915.0,279970.0,293876.0
DK0,245915.0,279970.0,293876.0
DK01,17383.0,18316.0,18910.0
DK011,134.0,150.0,150.0
DK012,1263.0,1327.0,1327.0
DK013,13835.0,14421.0,15000.0
DK014,2151.0,2418.0,2433.0
DK02,49081.0,57726.0,61050.0
DK021,13036.0,14771.0,15125.0
DK022,36045.0,42955.0,45925.0
DK03,68129.0,80920.0,83915.0
DK031,26575.0,30352.0,31302.0
DK032,41554.0,50568.0,52613.0
DK04,77563.0,85167.0,88057.0
DK041,30250.0,33730.0,34743.0
DK042,47313.0,51437.0,53314.0
DK05,33759.0,37841.0,41944.0
DK050,33759.0,37841.0,41944.0
EE,30615.0,28891.0,37807.0
EE0,30615.0,28891.0,37807.0
EE00,30615.0,28891.0,37807.0
EE001,10908.0,11065.0,14147.0
EE004,3643.0,3596.0,4857.0
EE008,8945.0,8261.0,10007.0
EE009,5485.0,4968.0,6922.0
EE00A,1634.0,1001.0,1874.0
EL,99923.0,153256.0,172049.0
EL3,10209.0,12565.0,13197.0
EL30,10209.0,12565.0,13197.0
EL301,171.0,226.0,234.0
EL302,10.0,140.0,140.0
EL303,4.0,4.0,4.0
EL304,34.0,34.0,34.0
EL305,7362.0,8908.0,9108.0
EL306,1945.0,2120.0,2186.0
EL307,683.0,1133.0,1491.0
EL4,22853.0,35094.0,38917.0
EL41,2825.0,4434.0,5886.0
EL411,1712.0,2694.0,3470.0
EL412,380.0,928.0,1193.0
EL413,733.0,812.0,1223.0
EL42,9702.0,15373.0,16635.0
EL421,4323.0,6261.0,6721.0
EL422,5379.0,9112.0,9914.0
EL43,10326.0,15287.0,16396.0
EL431,4850.0,5972.0,6083.0
EL432,856.0,1392.0,2067.0
EL433,1435.0,3164.0,3245.0
EL434,3185.0,4759.0,5001.0
EL5,29773.0,47818.0,53842.0
EL51,5965.0,10503.0,13625.0
EL511,1390.0,2137.0,2784.0
EL512,381.0,1447.0,2867.0
EL513,773.0,1076.0,1076.0
EL514,617.0,1068.0,1163.0
EL515,2804.0,4775.0,5735.0
EL52,16700.0,26642.0,28498.0
EL521,1118.0,1805.0,2044.0
EL522,6775.0,9768.0,10540.0
EL523,252.0,273.0,252.0
EL524,2082.0,2716.0,3300.0
EL525,1369.0,2851.0,2898.0
EL526,1003.0,2149.0,2408.0
EL527,4101.0,7080.0,7056.0
EL53,2336.0,3894.0,4163.0
EL531,1352.0,2039.0,2196.0
EL532,38.0,751.0,751.0
EL533,946.0,1104.0,1216.0
EL54,4772.0,6779.0,7556.0
EL541,2645.0,3318.0,3843.0
EL542,493.0,867.0,1040.0
EL543,1634.0,2594.0,2673.0
EL6,37088.0,57779.0,66093.0
EL61,5632.0,8328.0,9782.0
EL611,2144.0,3552.0,4414.0
EL612,1376.0,1936.0,2134.0
EL613,2112.0,2840.0,3234.0
EL62,5279.0,7087.0,9491.0
EL621,1477.0,1953.0,2062.0
EL622,2124.0,2979.0,4608.0
EL623,1186.0,1546.0,2036.0
EL624,492.0,609.0,785.0
EL63,6395.0,11508.0,11866.0
EL631,2161.0,3083.0,4162.0
EL632,2441.0,3185.0,3805.0
EL633,1793.0,5240.0,3899.0
EL64,8212.0,13995.0,15584.0
EL641,1953.0,3228.0,3333.0
EL642,3923.0,5716.0,6461.0
EL643,86.0,139.0,139.0
EL644,2137.0,4456.0,4900.0
EL645,113.0,456.0,751.0
EL65,11570.0,16861.0,19370.0
EL651,3689.0,5430.0,7101.0
EL652,2523.0,3956.0,4351.0
EL653,5358.0,7475.0,7918.0
ES,492401.0,556707.0,562888.0
ES1,58445.0,71057.0,73298.0
ES11,31124.0,39814.0,40169.0
ES111,13707.0,16273.0,15188.0
ES112,3549.0,5790.0,5903.0
ES113,4132.0,5240.0,4674.0
ES114,9736.0,12511.0,14404.0
ES12,15331.0,16561.0,17960.0
ES120,15331.0,16561.0,17960.0
ES13,11990.0,14682.0,15169.0
ES130,11990.0,14682.0,15169.0
ES2,62024.0,68830.0,70123.0
ES21,22427.0,25137.0,24440.0
ES211,5302.0,5441.0,5316.0
ES212,8679.0,8796.0,8544.0
ES213,8446.0,10900.0,10580.0
ES22,20673.0,20592.0,21196.0
ES220,20673.0,20592.0,21196.0
ES23,3600.0,3625.0,4143.0
ES230,3600.0,3625.0,4143.0
ES24,15324.0,19476.0,20344.0
ES241,3467.0,3971.0,4175.0
ES242,3341.0,4337.0,4701.0
ES243,8516.0,11168.0,11468.0
ES3,19457.0,20862.0,21009.0
ES30,19457.0,20862.0,21009.0
ES300,19457.0,20862.0,21009.0
ES4,78941.0,97532.0,100143.0
ES41,40957.0,48004.0,48368.0
ES411,3005.0,4004.0,4031.0
ES412,7064.0,8324.0,8242.0
ES413,5124.0,7060.0,7154.0
ES414,2774.0,2458.0,2805.0
ES415,4367.0,4840.0,4518.0
ES416,5238.0,5553.0,6077.0
ES417,1625.0,1935.0,2429.0
ES418,9298.0,10675.0,9927.0
ES419,2462.0,3155.0,3185.0
ES42,20897.0,26482.0,31373.0
ES421,3524.0,5191.0,5690.0
ES422,4183.0,4451.0,4989.0
ES423,954.0,1771.0,2326.0
ES424,2054.0,2728.0,3172.0
ES425,10182.0,12341.0,15196.0
ES43,17087.0,23046.0,20402.0
ES431,11125.0,11898.0,12731.0
ES432,5962.0,11148.0,7671.0
ES5,175186.0,186492.0,188897.0
ES51,90616.0,96539.0,97467.0
ES511,31754.0,32525.0,33245.0
ES512,25413.0,26852.0,26833.0
ES513,14714.0,17336.0,17192.0
ES514,18735.0,19826.0,20197.0
ES52,52205.0,57458.0,58798.0
ES521,18965.0,21344.0,22553.0
ES522,9079.0,10760.0,10763.0
ES523,24161.0,25354.0,25482.0
ES53,32365.0,32495.0,32632.0
ES531,5479.0,5487.0,5511.0
ES532,23536.0,23629.0,23688.0
ES533,3350.0,3379.0,3433.0
ES6,87712.0,99472.0,98147.0
ES61,70842.0,80291.0,79376.0
ES611,8048.0,8949.0,9953.0
ES612,6775.0,7391.0,8051.0
ES613,8223.0,8481.0,7006.0
ES614,9275.0,11638.0,10470.0
ES615,10985.0,11759.0,10580.0
ES616,5579.0,8069.0,8130.0
ES617,14452.0,13562.0,13958.0
ES618,7505.0,10442.0,11228.0
ES62,16798.0,19109.0,18699.0
ES620,16798.0,19109.0,18699.0
ES63,41.0,41.0,41.0
ES630,41.0,41.0,41.0
ES64,31.0,31.0,31.0
ES640,31.0,31.0,31.0
ES7,10636.0,12462.0,11271.0
ES70,10636.0,12462.0,11271.0
ES703,,426.0,462.0
ES704,864.0,1412.0,1165.0
ES705,4044.0,3320.0,3373.0
ES706,805.0,806.0,806.0
ES707,1279.0,1279.0,275.0
ES708,829.0,1258.0,1022.0
ES709,2815.0,3961.0,4168.0
FI,156838.0,173330.0,186403.0
FI1,156838.0,172310.0,185278.0
FI19,48794.0,54609.0,61367.0
FI196,8296.0,9412.0,10802.0
FI198,7271.0,8952.0,12434.0
FI199,11490.0,12040.0,12405.0
FI19A,7043.0,8137.0,9035.0
FI19B,14694.0,16068.0,16691.0
FI1B,22401.0,23632.0,24017.0
FI1B1,22401.0,23632.0,24017.0
FI1C,35343.0,38872.0,41424.0
FI1C1,14359.0,16005.0,16526.0
FI1C2,6801.0,7702.0,8598.0
FI1C5,4042.0,4265.0,4267.0
FI1C6,4644.0,5210.0,6015.0
FI1C7,5497.0,5690.0,6018.0
FI1D,50300.0,55197.0,58470.0
FI1D5,2997.0,3617.0,3774.0
FI1D7,7870.0,7960.0,8074.0
FI1D8,3188.0,3138.0,3140.0
FI1D9,22070.0,23679.0,24410.0
FI1DA,2529.0,3265.0,3749.0
FI1DB,7037.0,8028.0,8848.0
FI1DC,4609.0,5510.0,6475.0
FI2,,1020.0,1125.0
FI20,,1020.0,1125.0
FI200,,1020.0,1125.0
FR,2960429.0,3084674.0,3154129.0
FR1,107770.0,111503.0,112911.0
FR10,107770.0,111503.0,112911.0
FR102,59401.0,60708.0,61505.0
FR103,26315.0,26473.0,26491.0
FR104,12466.0,13311.0,13726.0
FR106,3.0,3.0,3.0
FR107,165.0,165.0,165.0
FR108,9420.0,10843.0,11021.0
FRB,161050.0,166588.0,167814.0
FRB0,161050.0,166588.0,167814.0
FRB01,21439.0,22420.0,22522.0
FRB02,31133.0,32707.0,33021.0
FRB03,14865.0,14846.0,14852.0
FRB04,41798.0,42227.0,42068.0
FRB05,26094.0,26420.0,26963.0
FRB06,25721.0,27968.0,28388.0
FRC,152594.0,166527.0,169951.0
FRC1,96080.0,100331.0,101243.0
FRC11,24422.0,26217.0,26660.0
FRC12,11102.0,11326.0,11479.0
FRC13,29775.0,31587.0,31928.0
FRC14,30781.0,31201.0,31176.0
FRC2,56514.0,66196.0,68708.0
FRC21,24740.0,29094.0,29776.0
FRC22,12563.0,15991.0,17836.0
FRC23,13270.0,15088.0,15067.0
FRC24,5941.0,6023.0,6029.0
FRD,234676.0,242354.0,245345.0
FRD1,117699.0,122843.0,124429.0
FRD11,50629.0,54366.0,55482.0
FRD12,43401.0,44150.0,44686.0
FRD13,23669.0,24327.0,24261.0
FRD2,116977.0,119511.0,120916.0
FRD21,49744.0,50824.0,51004.0
FRD22,67233.0,68687.0,69912.0
FRE,260741.0,274167.0,279797.0
FRE1,130732.0,138078.0,140025.0
FRE11,69453.0,74408.0,74452.0
FRE12,61279.0,63670.0,65573.0
FRE2,130009.0,136089.0,139772.0
FRE21,32619.0,34477.0,35868.0
FRE22,55277.0,56561.0,58066.0
FRE23,42113.0,45051.0,45838.0
FRF,257257.0,268415.0,276961.0
FRF1,71484.0,75674.0,79263.0
FRF11,45633.0,47744.0,49350.0
FRF12,25851.0,27930.0,29913.0
FRF2,78755.0,80937.0,81641.0
FRF21,19521.0,20602.0,20780.0
FRF22,22191.0,22628.0,23003.0
FRF23,27318.0,28240.0,28282.0
FRF24,9725.0,9467.0,9576.0
FRF3,107018.0,111804.0,116057.0
FRF31,27482.0,27738.0,29398.0
FRF32,12568.0,13919.0,13936.0
FRF33,39096.0,41483.0,43722.0
FRF34,27872.0,28664.0,29001.0
FRG,279145.0,287871.0,295599.0
FRG0,279145.0,287871.0,295599.0
FRG01,101691.0,101861.0,102140.0
FRG02,74625.0,75597.0,75632.0
FRG03,22981.0,23943.0,24172.0
FRG04,24560.0,28087.0,33978.0
FRG05,55288.0,58383.0,59677.0
FRH,272670.0,283160.0,289922.0
FRH0,272670.0,283160.0,289922.0
FRH01,62181.0,62980.0,63698.0
FRH02,70550.0,71915.0,73685.0
FRH03,70937.0,78013.0,80860.0
FRH04,69002.0,70252.0,71679.0
FRI,360272.0,379895.0,396125.0
FRI1,189902.0,200509.0,203829.0
FRI11,33251.0,33660.0,33682.0
FRI12,66794.0,72438.0,74851.0
FRI13,29724.0,33589.0,33946.0
FRI14,24120.0,24615.0,24935.0
FRI15,36013.0,36207.0,36415.0
FRI2,39889.0,45647.0,46794.0
FRI21,15345.0,16080.0,16362.0
FRI22,6568.0,6625.0,6980.0
FRI23,17976.0,22942.0,23452.0
FRI3,130481.0,133739.0,145502.0
FRI31,21692.0,22324.0,22632.0
FRI32,39102.0,41495.0,42759.0
FRI33,29788.0,30296.0,38196.0
FRI34,39899.0,39624.0,41915.0
FRJ,323463.0,332191.0,336051.0
FRJ1,139573.0,143505.0,144884.0
FRJ11,27451.0,28940.0,29055.0
FRJ12,40608.0,41262.0,41664.0
FRJ13,44837.0,46173.0,46544.0
FRJ14,6121.0,6414.0,6535.0
FRJ15,20556.0,20716.0,21086.0
FRJ2,183890.0,188686.0,191167.0
FRJ21,9980.0,10281.0,10661.0
FRJ22,20047.0,21067.0,21976.0
FRJ23,55352.0,56342.0,56052.0
FRJ24,14681.0,14749.0,15374.0
FRJ25,11908.0,12324.0,12817.0
FRJ26,12822.0,13287.0,13566.0
FRJ27,27556.0,29047.0,29131.0
FRJ28,31544.0,31589.0,31590.0
FRK,392772.0,410045.0,418246.0
FRK1,76532.0,79094.0,80844.0
FRK11,18301.0,19469.0,19721.0
FRK12,6451.0,6580.0,7252.0
FRK13,18092.0,18507.0,19419.0
FRK14,33688.0,34538.0,34452.0
FRK2,316240.0,330951.0,337402.0
FRK21,41847.0,44942.0,48279.0
FRK22,24115.0,24357.0,24399.0
FRK23,38589.0,38920.0,38762.0
FRK24,77132.0,78871.0,80518.0
FRK25,36016.0,36101.0,36577.0
FRK26,34236.0,35799.0,36346.0
FRK27,21917.0,28392.0,28597.0
FRK28,42388.0,43569.0,43924.0
FRL,143081.0,146537.0,149472.0
FRL0,143081.0,146537.0,149472.0
FRL01,11479.0,12123.0,12080.0
FRL02,10635.0,10817.0,11134.0
FRL03,12258.0,13690.0,14319.0
FRL04,38909.0,39347.0,39403.0
FRL05,36744.0,37453.0,39543.0
FRL06,33056.0,33107.0,32993.0
FRM,14938.0,15421.0,15935.0
FRM0,14938.0,15421.0,15935.0
FRM01,5292.0,5496.0,5916.0
FRM02,9646.0,9925.0,10019.0
HR,72595.0,79216.0,80920.0
HR0,72595.0,79216.0,80920.0
HR02,12385.0,13785.0,15525.0
HR021,2149.0,2362.0,2365.0
HR022,1792.0,2048.0,2279.0
HR023,1547.0,1576.0,1923.0
HR024,806.0,1221.0,1266.0
HR025,2624.0,2658.0,2722.0
HR026,724.0,769.0,928.0
HR027,1730.0,1737.0,2625.0
HR028,1013.0,1414.0,1417.0
HR03,30098.0,32820.0,33551.0
HR031,4263.0,5024.0,5126.0
HR032,3090.0,3483.0,3494.0
HR033,3886.0,4076.0,4402.0
HR034,1338.0,1940.0,2157.0
HR035,5304.0,5913.0,5403.0
HR036,9086.0,9643.0,9649.0
HR037,3131.0,2741.0,3320.0
HR05,1172.0,1345.0,1387.0
HR050,1172.0,1345.0,1387.0
HR06,28940.0,31266.0,30457.0
HR061,5289.0,6305.0,7029.0
HR062,6077.0,6539.0,6347.0
HR063,2207.0,2439.0,2493.0
HR064,6039.0,6296.0,6347.0
HR065,9328.0,9687.0,8241.0
HU,80363.0,83846.0,95175.0
HU1,10862.0,11492.0,11957.0
HU11,1031.0,1031.0,1031.0
HU110,1031.0,1031.0,1031.0
HU12,9831.0,10461.0,10926.0
HU120,9831.0,10461.0,10926.0
HU2,37148.0,39229.0,46138.0
HU21,13923.0,14968.0,19378.0
HU211,4975.0,5037.0,9054.0
HU212,3992.0,4462.0,4462.0
HU213,4956.0,5469.0,5862.0
HU22,14388.0,14514.0,15866.0
HU221,7221.0,7415.0,7921.0
HU222,2242.0,2212.0,2939.0
HU223,4925.0,4887.0,5006.0
HU23,8837.0,9747.0,10894.0
HU231,2840.0,3992.0,4110.0
HU232,5050.0,5121.0,5388.0
HU233,947.0,634.0,1396.0
HU3,32353.0,33125.0,37080.0
HU31,12192.0,12932.0,14341.0
HU311,6778.0,7279.0,7780.0
HU312,3520.0,3759.0,4364.0
HU313,1894.0,1894.0,2197.0
HU32,9008.0,9057.0,10308.0
HU321,2061.0,1817.0,2011.0
HU322,2392.0,2427.0,3076.0
HU323,4555.0,4813.0,5221.0
HU33,11153.0,11136.0,12431.0
HU331,4986.0,5201.0,5714.0
HU332,2309.0,2133.0,2839.0
HU333,3858.0,3802.0,3878.0
IE,150899.0,166974.0,172544.0
IE0,150899.0,166974.0,172544.0
IE04,50028.0,55944.0,59383.0
IE041,27407.0,30344.0,33650.0
IE042,22621.0,25600.0,25733.0
IE05,60182.0,65318.0,66995.0
IE051,16473.0,19504.0,20141.0
IE052,18240.0,19106.0,19449.0
IE053,25469.0,26708.0,27405.0
IE06,40689.0,45712.0,46166.0
IE061,4295.0,4377.0,4508.0
IE062,22090.0,25356.0,24795.0
IE063,14304.0,15979.0,16863.0
IT,1121079.0,1240324.0,1289035.0
ITC,282019.0,297610.0,307986.0
ITC1,124649.0,132107.0,137794.0
ITC11,35985.0,36683.0,37457.0
ITC12,8477.0,8700.0,8992.0
ITC13,4723.0,4893.0,4889.0
ITC14,4701.0,4812.0,4913.0
ITC15,10896.0,10936.0,10928.0
ITC16,30153.0,34323.0,37467.0
ITC17,13163.0,14188.0,14371.0
ITC18,16551.0,17572.0,18777.0
ITC2,6456.0,6534.0,6615.0
ITC20,6456.0,6534.0,6615.0
ITC3,14531.0,16504.0,17745.0
ITC31,2655.0,3008.0,3173.0
ITC32,3757.0,4687.0,5313.0
ITC33,5981.0,6003.0,6369.0
ITC34,2138.0,2806.0,2890.0
ITC4,136383.0,142465.0,145832.0
ITC41,4362.0,4466.0,4454.0
ITC42,4273.0,4344.0,4491.0
ITC43,3185.0,3405.0,3361.0
ITC44,8218.0,8375.0,8589.0
ITC46,13835.0,13151.0,13498.0
ITC47,26911.0,28091.0,28832.0
ITC48,21533.0,22515.0,23167.0
ITC49,10769.0,11520.0,11582.0
ITC4A,13025.0,14705.0,15173.0
ITC4B,21098.0,22385.0,23168.0
ITC4C,8245.0,8579.0,8588.0
ITC4D,929.0,929.0,929.0
ITF,173797.0,214037.0,223365.0
ITF1,37084.0,43548.0,45290.0
ITF11,6411.0,9195.0,9676.0
ITF12,8589.0,9604.0,9799.0
ITF13,7886.0,9160.0,10119.0
ITF14,14198.0,15589.0,15696.0
ITF2,7000.0,8943.0,9778.0
ITF21,2661.0,3511.0,3869.0
ITF22,4339.0,5432.0,5909.0
ITF3,48915.0,61625.0,65901.0
ITF31,4888.0,8250.0,10250.0
ITF32,8394.0,12413.0,13107.0
ITF33,2711.0,3031.0,3079.0
ITF34,12067.0,13214.0,14046.0
ITF35,20855.0,24717.0,25419.0
ITF4,36603.0,40758.0,41701.0
ITF43,5565.0,6448.0,6627.0
ITF44,4877.0,5099.0,5096.0
ITF45,13432.0,14275.0,14413.0
ITF46,6012.0,7355.0,7691.0
ITF47,6126.0,6829.0,6970.0
ITF48,591.0,752.0,904.0
ITF5,17895.0,19547.0,20001.0
ITF51,13541.0,15163.0,15607.0
ITF52,4354.0,4384.0,4394.0
ITF6,26300.0,39616.0,40694.0
ITF61,10263.0,12510.0,13175.0
ITF62,4013.0,5387.0,5540.0
ITF63,6295.0,9251.0,9948.0
ITF64,2141.0,5711.0,5745.0
ITF65,3588.0,6757.0,6286.0
ITG,77593.0,93504.0,100958.0
ITG1,47854.0,59232.0,63991.0
ITG11,6197.0,7008.0,7605.0
ITG12,7865.0,10310.0,10316.0
ITG13,6859.0,8824.0,10546.0
ITG14,4211.0,4733.0,6253.0
ITG15,2537.0,4009.0,4058.0
ITG16,3226.0,3934.0,3940.0
ITG17,6624.0,8553.0,8925.0
ITG18,6680.0,7473.0,7743.0
ITG19,3655.0,4388.0,4605.0
ITG2,29739.0,34272.0,36967.0
ITG2D,10364.0,11428.0,11543.0
ITG2E,3902.0,5205.0,6086.0
ITG2F,2340.0,2331.0,2336.0
ITG2G,4526.0,4974.0,4982.0
ITG2H,8607.0,10334.0,12020.0
ITH,366116.0,388181.0,397008.0
ITH1,37342.0,37878.0,38050.0
ITH10,37342.0,37878.0,38050.0
ITH2,26233.0,26988.0,27655.0
ITH20,26233.0,26988.0,27655.0
ITH3,134046.0,141060.0,144414.0
ITH31,28594.0,31505.0,31995.0
ITH32,17043.0,18165.0,19513.0
ITH33,9070.0,9716.0,10230.0
ITH34,28624.0,28710.0,28911.0
ITH35,14350.0,14617.0,14793.0
ITH36,23995.0,25762.0,26132.0
ITH37,12370.0,12585.0,12840.0
ITH4,35944.0,37441.0,39540.0
ITH41,13431.0,13688.0,13944.0
ITH42,20211.0,21079.0,22611.0
ITH43,1164.0,1536.0,1755.0
ITH44,1138.0,1138.0,1230.0
ITH5,132551.0,144814.0,147349.0
ITH51,12352.0,12972.0,13769.0
ITH52,14487.0,15186.0,15371.0
ITH53,17848.0,19464.0,19600.0
ITH54,22688.0,23132.0,23194.0
ITH55,28257.0,31347.0,31322.0
ITH56,7765.0,11362.0,11464.0
ITH57,13253.0,13646.0,13665.0
ITH58,10434.0,11610.0,12098.0
ITH59,5467.0,6095.0,6866.0
ITI,221554.0,246992.0,259718.0
ITI1,74636.0,82505.0,85999.0
ITI11,2914.0,2961.0,2958.0
ITI12,5213.0,5725.0,5867.0
ITI13,2920.0,3303.0,3694.0
ITI14,17736.0,19298.0,20235.0
ITI15,1670.0,1737.0,1964.0
ITI16,5434.0,5817.0,5965.0
ITI17,11133.0,12016.0,12225.0
ITI18,11998.0,12231.0,14049.0
ITI19,8758.0,11762.0,11147.0
ITI1A,6860.0,7655.0,7895.0
ITI2,28119.0,29882.0,30596.0
ITI21,22257.0,23473.0,23816.0
ITI22,5862.0,6409.0,6780.0
ITI3,43640.0,49959.0,50951.0
ITI31,11159.0,12199.0,12330.0
ITI32,10900.0,13666.0,14027.0
ITI33,13021.0,14463.0,14722.0
ITI34,2969.0,3734.0,3734.0
ITI35,5591.0,5897.0,6138.0
ITI4,75159.0,84646.0,92172.0
ITI41,15836.0,17761.0,18486.0
ITI42,5501.0,6394.0,7400.0
ITI43,24867.0,26471.0,29929.0
ITI44,12133.0,14460.0,15237.0
ITI45,16822.0,19560.0,21120.0
LI,288.0,288.0,288.0
LI0,288.0,288.0,288.0
LI00,288.0,288.0,288.0
LI000,288.0,288.0,288.0
LT,31600.0,49922.0,57081.0
LT0,31600.0,49922.0,57081.0
LT01,10309.0,14901.0,17131.0
LT011,10309.0,14901.0,17131.0
LT02,21291.0,35021.0,39950.0
LT021,1995.0,2397.0,2432.0
LT022,5550.0,9400.0,10280.0
LT023,4840.0,6885.0,7451.0
LT024,1824.0,4075.0,4380.0
LT025,1944.0,3259.0,3507.0
LT026,1900.0,3866.0,4815.0
LT027,700.0,1403.0,2509.0
LT028,1186.0,1847.0,2502.0
LT029,1352.0,1889.0,2074.0
LU,29345.0,29523.0,29494.0
LU0,29345.0,29523.0,29494.0
LU00,29345.0,29523.0,29494.0
LU000,29345.0,29523.0,29494.0
LV,33534.0,37997.0,44799.0
LV0,33534.0,37997.0,44799.0
LV00,33534.0,37997.0,44799.0
LV005,3777.0,3872.0,4385.0
LV009,6820.0,7951.0,8319.0
LV00A,9469.0,11758.0,13947.0
LV00B,7127.0,7508.0,9176.0
LV00C,6341.0,6908.0,8972.0
MT,1765.0,1765.0,1765.0
MT0,1765.0,1765.0,1765.0
MT00,1765.0,1765.0,1765.0
MT001,1207.0,1207.0,1207.0
MT002,558.0,558.0,558.0
NL,342874.0,343908.0,343963.0
NL1,86663.0,87482.0,87386.0
NL11,22515.0,22848.0,22891.0
NL112,2463.0,2723.0,2720.0
NL114,5198.0,5253.0,5269.0
NL115,14854.0,14872.0,14902.0
NL12,36980.0,37456.0,37232.0
NL126,10610.0,10770.0,10678.0
NL127,16364.0,16400.0,16377.0
NL128,10006.0,10286.0,10177.0
NL13,27168.0,27178.0,27263.0
NL131,9253.0,9220.0,9293.0
NL132,10541.0,10584.0,10596.0
NL133,7374.0,7374.0,7374.0
NL2,95994.0,96080.0,96230.0
NL21,34582.0,34582.0,34582.0
NL211,15696.0,15696.0,15696.0
NL212,4309.0,4309.0,4309.0
NL213,14577.0,14577.0,14577.0
NL22,56036.0,56071.0,56054.0
NL221,20231.0,20231.0,20231.0
NL224,11768.0,11768.0,11768.0
NL225,15939.0,15974.0,15957.0
NL226,8098.0,8098.0,8098.0
NL23,5376.0,5427.0,5594.0
NL230,5376.0,5427.0,5594.0
NL3,87589.0,87618.0,87616.0
NL32,22644.0,22670.0,22678.0
NL321,10247.0,10247.0,10255.0
NL323,820.0,820.0,820.0
NL325,316.0,316.0,316.0
NL327,2344.0,2344.0,2344.0
NL328,3506.0,3506.0,3506.0
NL32A,157.0,157.0,157.0
NL32B,5254.0,5280.0,5280.0
NL34,25817.0,25820.0,25810.0
NL341,7175.0,7178.0,7168.0
NL342,18642.0,18642.0,18642.0
NL35,16283.0,16283.0,16283.0
NL350,16283.0,16283.0,16283.0
NL36,22845.0,22845.0,22845.0
NL361,948.0,948.0,948.0
NL362,884.0,884.0,884.0
NL363,1834.0,1834.0,1834.0
NL364,4199.0,4199.0,4199.0
NL365,6483.0,6483.0,6483.0
NL366,8497.0,8497.0,8497.0
NL4,72628.0,72728.0,72731.0
NL41,52320.0,52389.0,52392.0
NL411,10983.0,10986.0,10986.0
NL414,14268.0,14311.0,14314.0
NL415,8950.0,8973.0,8973.0
NL416,18119.0,18119.0,18119.0
NL42,20308.0,20339.0,20339.0
NL421,8536.0,8564.0,8564.0
NL422,6489.0,6492.0,6492.0
NL423,5283.0,5283.0,5283.0
NO,197951.0,195925.0,189997.0
NO0,197951.0,195925.0,189997.0
NO02,23030.0,22757.0,22469.0
NO020,23030.0,22757.0,22469.0
NO06,19497.0,18288.0,18738.0
NO060,19497.0,18288.0,18738.0
NO07,19278.0,20390.0,20504.0
NO071,10584.0,11337.0,11178.0
NO072,3879.0,4260.0,4371.0
NO073,4815.0,4793.0,4955.0
NO08,53748.0,52911.0,47229.0
NO081,276.0,276.0,276.0
NO083,11802.0,11688.0,9186.0
NO084,29085.0,28218.0,25479.0
NO085,12585.0,12729.0,12288.0
NO09,30954.0,30255.0,30330.0
NO092,14367.0,14964.0,14223.0
NO093,9777.0,8553.0,9396.0
NO094,6810.0,6738.0,6711.0
NO0A,51444.0,51324.0,50727.0
NO0A1,11373.0,12351.0,12663.0
NO0A2,28347.0,27147.0,26775.0
NO0A3,11724.0,11826.0,11289.0
PL,315194.0,438782.0,547018.0
PL2,64317.0,87892.0,106992.0
PL21,33538.0,49016.0,58934.0
PL213,1577.0,1984.0,2015.0
PL214,9882.0,16433.0,16693.0
PL217,4379.0,6319.0,7574.0
PL218,4739.0,7944.0,11870.0
PL219,7794.0,10138.0,11676.0
PL21A,5167.0,6198.0,9106.0
PL22,30779.0,38876.0,48058.0
PL224,5093.0,5497.0,7460.0
PL225,6017.0,7717.0,9298.0
PL227,4836.0,5863.0,7492.0
PL228,4434.0,5354.0,6472.0
PL229,2668.0,4862.0,5198.0
PL22A,1288.0,1306.0,1306.0
PL22B,3737.0,4756.0,5300.0
PL22C,2706.0,3521.0,5532.0
PL4,56042.0,83744.0,102527.0
PL41,30579.0,46721.0,58871.0
PL411,2950.0,5467.0,6170.0
PL414,5932.0,7425.0,10543.0
PL415,1019.0,1019.0,1062.0
PL416,5093.0,8252.0,11016.0
PL417,3362.0,8930.0,11078.0
PL418,12223.0,15628.0,19002.0
PL42,12998.0,20477.0,24571.0
PL424,1152.0,1155.0,1371.0
PL426,4361.0,6118.0,6772.0
PL427,2484.0,3284.0,5285.0
PL428,5001.0,9920.0,11143.0
PL43,12465.0,16546.0,19085.0
PL431,3774.0,5517.0,7245.0
PL432,8691.0,11029.0,11840.0
PL5,38195.0,54610.0,66729.0
PL51,28462.0,41258.0,47669.0
PL514,378.0,904.0,970.0
PL515,9815.0,11929.0,11266.0
PL516,5019.0,6282.0,7942.0
PL517,7475.0,9983.0,11540.0
PL518,5775.0,12160.0,15951.0
PL52,9733.0,13352.0,19060.0
PL523,2871.0,5098.0,7099.0
PL524,6862.0,8254.0,11961.0
PL6,49652.0,62771.0,82571.0
PL61,16111.0,19016.0,27640.0
PL613,4708.0,4872.0,7932.0
PL616,2627.0,2865.0,5625.0
PL617,3779.0,5373.0,6850.0
PL618,2030.0,2294.0,3569.0
PL619,2967.0,3612.0,3664.0
PL62,10496.0,13863.0,17225.0
PL621,4308.0,5150.0,5963.0
PL622,4367.0,5511.0,8219.0
PL623,1821.0,3202.0,3043.0
PL63,23045.0,29892.0,37706.0
PL633,1344.0,1303.0,1499.0
PL634,10505.0,13862.0,17663.0
PL636,3482.0,3845.0,4330.0
PL637,2653.0,4046.0,5444.0
PL638,5061.0,6836.0,8770.0
PL7,28444.0,38066.0,47605.0
PL71,22334.0,27958.0,34091.0
PL711,3024.0,3126.0,3498.0
PL712,5685.0,6723.0,8574.0
PL713,3325.0,4499.0,7051.0
PL714,5493.0,8781.0,9331.0
PL715,4807.0,4829.0,5637.0
PL72,6110.0,10108.0,13514.0
PL721,2891.0,4853.0,6907.0
PL722,3219.0,5255.0,6607.0
PL8,31495.0,49816.0,70886.0
PL81,12174.0,17625.0,25354.0
PL811,1754.0,1633.0,3930.0
PL812,1365.0,4103.0,5801.0
PL814,4263.0,5443.0,7362.0
PL815,4792.0,6446.0,8261.0
PL82,16361.0,25561.0,35600.0
PL821,2689.0,3530.0,6908.0
PL822,2049.0,4924.0,6752.0
PL823,8521.0,11582.0,15387.0
PL824,3102.0,5525.0,6553.0
PL84,2960.0,6630.0,9932.0
PL841,794.0,3553.0,4398.0
PL842,1064.0,1732.0,3792.0
PL843,1102.0,1345.0,1742.0
PL9,47049.0,61883.0,69708.0
PL91,21870.0,26540.0,29790.0
PL911,1478.0,1633.0,1633.0
PL912,8324.0,11080.0,11131.0
PL913,12068.0,13827.0,17026.0
PL92,25179.0,35343.0,39918.0
PL921,6377.0,9786.0,11160.0
PL922,2486.0,2942.0,3861.0
PL923,3622.0,5706.0,5850.0
PL924,4849.0,5659.0,7200.0
PL925,5481.0,7387.0,7531.0
PL926,2364.0,3863.0,4316.0
PT,173459.0,204524.0,217693.0
PT1,162595.0,192563.0,204701.0
PT11,43838.0,56079.0,58509.0
PT111,8405.0,9306.0,9148.0
PT112,5205.0,8154.0,8521.0
PT119,5514.0,6459.0,6624.0
PT11A,6513.0,8013.0,8895.0
PT11B,2512.0,3060.0,3080.0
PT11C,6311.0,10601.0,11433.0
PT11D,7050.0,7881.0,8175.0
PT11E,2328.0,2605.0,2633.0
PT15,14598.0,16056.0,16306.0
PT150,14598.0,16056.0,16306.0
PT19,48851.0,57307.0,62066.0
PT191,6701.0,9428.0,10543.0
PT192,13077.0,15496.0,16840.0
PT193,11226.0,13150.0,13750.0
PT194,9000.0,9376.0,10269.0
PT195,3368.0,3503.0,3604.0
PT196,5479.0,6354.0,7060.0
PT1A,6463.0,6983.0,8250.0
PT1A0,6463.0,6983.0,8250.0
PT1B,4526.0,4724.0,4897.0
PT1B0,4526.0,4724.0,4897.0
PT1C,15690.0,17541.0,18085.0
PT1C1,2433.0,2892.0,3152.0
PT1C2,5151.0,5928.0,5939.0
PT1C3,3327.0,3568.0,3573.0
PT1C4,4779.0,5153.0,5421.0
PT1D,28629.0,33873.0,36588.0
PT1D1,13755.0,16080.0,18565.0
PT1D2,6649.0,7518.0,7547.0
PT1D3,8225.0,10275.0,10476.0
PT2,8034.0,8987.0,10014.0
PT20,8034.0,8987.0,10014.0
PT200,8034.0,8987.0,10014.0
PT3,2830.0,2974.0,2978.0
PT30,2830.0,2974.0,2978.0
PT300,2830.0,2974.0,2978.0
RO,89812.0,135215.0,194407.0
RO1,35377.0,55112.0,75553.0
RO11,14357.0,23658.0,35572.0
RO111,3390.0,4877.0,5948.0
RO112,1165.0,1395.0,4135.0
RO113,3550.0,5997.0,6900.0
RO114,2237.0,6472.0,9400.0
RO115,1395.0,2179.0,4424.0
RO116,2620.0,2738.0,4765.0
RO12,21020.0,31454.0,39981.0
RO121,1839.0,2893.0,4952.0
RO122,4955.0,7200.0,10601.0
RO123,2464.0,2952.0,3290.0
RO124,4128.0,6283.0,7046.0
RO125,2300.0,4375.0,5589.0
RO126,5334.0,7751.0,8503.0
RO2,20795.0,32618.0,48017.0
RO21,12957.0,18984.0,26994.0
RO211,2116.0,2708.0,4444.0
RO212,1264.0,1815.0,1929.0
RO213,3626.0,5296.0,5915.0
RO214,2584.0,3784.0,5157.0
RO215,2599.0,4146.0,6461.0
RO216,768.0,1235.0,3088.0
RO22,7838.0,13634.0,21023.0
RO221,263.0,1166.0,3082.0
RO222,1034.0,2233.0,4671.0
RO223,1942.0,3122.0,4387.0
RO224,1268.0,1926.0,3079.0
RO225,769.0,2625.0,3014.0
RO226,2562.0,2562.0,2790.0
RO3,17243.0,25150.0,38773.0
RO31,12237.0,19437.0,31589.0
RO311,2500.0,4570.0,6161.0
RO312,1960.0,2076.0,3670.0
RO313,1869.0,3074.0,5677.0
RO314,531.0,2566.0,4468.0
RO315,1131.0,1773.0,2308.0
RO316,3741.0,4786.0,6738.0
RO317,505.0,592.0,2567.0
RO32,5006.0,5713.0,7184.0
RO321,379.0,379.0,379.0
RO322,4627.0,5334.0,6805.0
RO4,16397.0,22335.0,32064.0
RO41,7223.0,11083.0,17058.0
RO411,1341.0,1405.0,3167.0
RO412,2101.0,3172.0,3800.0
RO413,347.0,350.0,1536.0
RO414,1915.0,2264.0,2558.0
RO415,1519.0,3892.0,5997.0
RO42,9174.0,11252.0,15006.0
RO421,2648.0,3186.0,5217.0
RO422,1220.0,1450.0,2110.0
RO423,1707.0,2126.0,2936.0
RO424,3599.0,4490.0,4743.0
RS,,1.0,1.0
RS2,,1.0,1.0
RS22,,1.0,1.0
RS221,,1.0,1.0
SE,283752.0,304157.0,346199.0
SE1,68114.0,73635.0,85339.0
SE11,15801.0,16936.0,20300.0
SE110,15801.0,16936.0,20300.0
SE12,52313.0,56699.0,65039.0
SE121,10309.0,11823.0,13849.0
SE122,7960.0,8735.0,9894.0
SE123,15036.0,14639.0,18591.0
SE124,10816.0,11442.0,12440.0
SE125,8192.0,10060.0,10265.0
SE2,143760.0,153282.0,177442.0
SE21,38220.0,38803.0,46781.0
SE211,13742.0,12403.0,17889.0
SE212,10848.0,11357.0,12055.0
SE213,10283.0,12192.0,13989.0
SE214,3347.0,2851.0,2848.0
SE22,45344.0,48361.0,53964.0
SE221,6581.0,7270.0,7942.0
SE224,38763.0,41091.0,46022.0
SE23,60196.0,66118.0,76697.0
SE231,12749.0,14063.0,16974.0
SE232,47447.0,52055.0,59723.0
SE3,71878.0,77240.0,83418.0
SE31,33045.0,35806.0,39817.0
SE311,8794.0,10331.0,11793.0
SE312,13397.0,14199.0,16203.0
SE313,10854.0,11276.0,11821.0
SE32,19296.0,21029.0,21315.0
SE321,10374.0,11790.0,11981.0
SE322,8922.0,9239.0,9334.0
SE33,19537.0,20405.0,22286.0
SE331,9875.0,10046.0,11690.0
SE332,9662.0,10359.0,10596.0
SI,86166.0,96996.0,101713.0
SI0,86166.0,96996.0,101713.0
SI03,51588.0,60942.0,64493.0
SI031,8141.0,8408.0,8443.0
SI032,10130.0,12102.0,13985.0
SI033,3716.0,4526.0,4532.0
SI034,11265.0,12887.0,14013.0
SI035,1572.0,2955.0,3162.0
SI036,3008.0,4614.0,4598.0
SI037,9560.0,11171.0,11380.0
SI038,4196.0,4279.0,4380.0
SI04,34578.0,36054.0,37220.0
SI041,13321.0,14270.0,15222.0
SI042,11123.0,11538.0,11375.0
SI043,6954.0,7020.0,6988.0
SI044,3180.0,3226.0,3635.0
SK,124031.0,138438.0,151782.0
SK0,124031.0,138438.0,151782.0
SK01,8694.0,10834.0,11436.0
SK010,8694.0,10834.0,11436.0
SK02,39055.0,45421.0,49373.0
SK021,13868.0,15991.0,18033.0
SK022,13000.0,14098.0,14218.0
SK023,12187.0,15332.0,17122.0
SK03,33262.0,36275.0,39860.0
SK031,19442.0,22321.0,24138.0
SK032,13820.0,13954.0,15722.0
SK04,43020.0,45908.0,51113.0
SK041,23771.0,26525.0,29525.0
SK042,19249.0,19383.0,21588.0
TR,0.0,0.0,0.0
TR2,0.0,0.0,0.0
TR21,0.0,0.0,0.0
TR212,0.0,0.0,0.0
TR213,0.0,0.0,0.0
UA,37.0,147.0,101.0
UA4,,2.0,0.0
UA42,,2.0,0.0
UA424,,2.0,0.0
UA7,37.0,136.0,92.0
UA71,37.0,92.0,48.0
UA711,37.0,37.0,0.0
UA713,,48.0,48.0
UA714,,7.0,
UA715,0.0,0.0,0.0
UA73,,3.0,3.0
UA734,,0.0,0.0
UA737,,3.0,3.0
UA74,,41.0,41.0
UA741,,10.0,10.0
UA743,,31.0,31.0
UA8,,9.0,9.0
UA81,,9.0,9.0
UA811,,9.0,9.0
